palavra,valencia_media,valencia_dp,alerta_media,alerta_dp
abalado,2.58,1.81,5.11,2.82
abandonado,1.85,1.70,5.48,2.49
abducao,5.00,1.85,3.36,2.14
abelhas,4.58,2.45,4.38,2.83
abencoado,8.03,1.84,3.19,3.03
aborto,1.67,1.37,6.42,2.93
abracar,8.63,1.20,4.30,3.34
abraco,8.77,0.75,3.38,3.00
abrasador,5.43,1.91,3.53,2.49
abrigado,7.61,1.98,3.21,2.41
absurdo,2.79,2.12,5.81,2.74
abundancia,6.94,2.05,4.19,2.48
abuso,2.76,2.65,6.50,2.65
acalmar,7.23,1.81,2.68,2.05
acanhado,3.89,2.01,5.03,2.75
acaso,6.17,2.10,4.28,2.48
aceitacao,7.21,2.16,4.63,2.94
acidente,1.67,1.63,6.98,3.02
aconchegante,8.29,1.69,3.76,2.94
aconchego,8.40,1.01,2.68,2.67
acordo,6.89,2.01,3.37,2.25
acucar,7.04,1.71,3.91,2.58
adaga,4.32,2.30,4.27,2.46
admirado,7.67,1.53,4.49,2.82
adoravel,8.24,1.57,4.00,3.26
adulto,6.49,1.99,3.75,2.46
afeicao,7.82,1.90,3.84,2.89
afinar,5.80,1.54,3.65,2.09
afogar,2.53,2.26,6.24,2.61
agilidade,7.50,1.58,5.33,2.84
agonia,2.05,1.97,6.61,2.70
agradavel,8.15,1.25,3.18,2.49
agradecido,8.42,1.52,3.32,2.98
agressivo,1.89,1.66,6.67,2.99
agua,8.35,1.40,3.00,2.90
agulha,4.04,1.98,4.93,2.54
alcoolico,2.76,2.84,6.34,2.68
alegre,8.44,1.07,4.04,2.97
alegria,8.61,1.46,4.87,3.44
alergia,4.02,3.31,5.20,3.00
alerta,6.08,2.42,5.08,2.94
alerto,5.67,2.06,4.95,2.64
alimento,8.26,1.27,3.61,3.07
alvorecer,6.24,2.38,3.09,2.22
amabilidade,7.68,2.04,3.50,2.96
amado,8.31,1.39,3.49,3.00
amarelo,6.76,2.29,3.11,2.38
amavel,8.09,1.60,3.40,2.88
ambicao,5.00,3.08,5.92,3.00
ambulancia,2.47,2.28,6.30,3.00
ameaca,1.87,1.68,6.71,2.73
amigavel,8.25,1.34,3.36,2.93
amigo,8.74,0.79,3.68,3.24
amor,8.75,0.89,4.39,3.57
angustiado,2.22,1.90,6.65,2.32
animacao,8.33,1.43,4.64,3.03
aniversario,8.39,1.22,4.71,3.34
anjo,8.06,1.59,2.45,2.16
anseio,5.11,2.48,5.18,2.50
ansioso,3.50,2.44,7.05,2.44
aparelho,6.00,2.29,3.13,2.58
apatico,3.21,2.02,4.93,2.69
aplauso,8.21,1.17,4.95,3.25
aprender,7.86,1.81,4.78,3.03
ar,8.39,1.24,2.57,2.72
aranha,3.49,2.26,5.62,2.85
arma,2.24,2.50,6.97,2.50
armamento,2.17,1.65,6.45,2.97
armario,6.11,1.72,3.21,2.20
arrependido,3.46,2.46,5.20,2.64
arrogante,2.05,1.90,6.32,2.77
arrumado,7.78,1.82,3.24,2.39
arte,8.08,1.50,3.68,3.21
arvore,7.98,1.46,2.27,2.19
as,5.71,2.00,3.84,2.60
aspero,3.38,2.34,5.49,2.53
assaltante,2.03,2.25,7.24,2.70
assalto,1.47,1.10,7.67,2.25
assar,6.24,2.73,3.92,2.70
assassino,1.16,0.80,7.51,2.50
assento,5.87,2.07,3.05,2.20
assovio,6.15,2.15,4.48,2.62
assustado,2.89,2.17,6.00,2.54
astronauta,5.81,1.66,3.84,2.45
atadura,2.87,2.26,4.50,2.89
aterrorizado,1.79,1.46,7.32,2.53
ativar,7.19,1.82,4.19,2.60
atletismo,7.31,2.13,4.27,2.50
atracao,8.22,1.49,4.84,3.43
aurora,6.96,2.21,3.02,2.42
autonomia,7.71,1.92,4.29,3.10
avalanche,2.32,2.10,6.02,2.90
avenida,5.84,1.84,3.76,2.40
aventura,8.06,1.53,6.33,2.97
avo,7.18,2.80,4.05,2.90
azedo,2.87,2.04,4.42,2.13
azul,7.42,2.32,3.37,2.78
bacia,4.68,1.84,3.59,2.53
baguncado,3.21,2.28,5.92,2.61
bala,6.98,1.99,3.44,2.45
bandeira,6.32,1.65,3.00,2.25
banheira,8.00,1.37,3.00,2.69
banheiro,6.82,1.72,3.00,2.51
banho,8.29,1.50,2.61,2.74
banqueta,5.84,1.98,2.61,1.76
barata,2.83,1.89,5.23,3.17
barra,4.74,1.91,4.37,2.38
barril,5.85,2.11,4.28,2.58
bastardo,3.42,2.50,4.16,2.66
bebe,8.21,1.41,3.71,2.73
bebida,6.03,2.79,4.08,3.03
beco,3.02,2.06,5.80,2.90
beijo,8.76,0.79,5.24,3.74
beleza,8.09,1.25,3.91,2.84
beliscar,3.71,2.37,4.82,2.66
belo,7.73,1.77,3.29,2.53
benzer,6.50,2.06,2.76,2.68
bercario,7.60,1.70,3.30,2.33
berrar,3.63,2.36,6.21,2.73
besta,2.45,1.93,5.30,2.76
bispo,5.68,2.51,2.71,2.40
blasfemia,2.63,1.78,5.71,2.60
bobagem,4.84,2.48,4.76,2.78
bolinho,7.50,1.54,3.40,2.47
bolo,7.37,2.01,3.26,2.64
bom,8.19,1.53,3.36,2.65
bomba,1.53,1.39,6.87,2.56
boneca,5.57,2.19,3.05,2.24
bonito,8.42,1.41,3.45,2.94
borboleta,7.38,1.82,2.56,1.88
boxeador,4.13,2.50,5.34,2.50
brabeza,2.83,2.15,6.02,2.71
brabo,2.26,1.83,6.05,2.70
braco,6.35,2.12,3.64,2.12
branco,7.18,2.08,2.61,2.47
bravo,2.56,2.20,6.31,2.87
brilhante,7.45,1.81,3.21,2.43
brinquedo,7.54,1.77,3.56,2.45
brisa,7.39,2.11,2.76,2.80
brutal,1.98,1.84,6.60,2.77
buque,7.42,2.41,3.74,3.19
burro,2.96,1.90,4.70,2.73
cabana,7.21,1.74,3.21,2.68
cabelo,6.67,2.41,3.78,2.64
cachoeira,8.14,1.65,3.84,3.35
cachorro,7.98,1.46,3.98,2.80
cadaver,1.70,1.63,6.08,2.95
cadeia,2.02,1.97,5.70,3.20
cadeira,6.30,1.81,2.76,1.72
caderno,5.76,1.85,4.02,2.15
caixao,1.92,1.85,6.08,3.13
calor,6.14,2.68,5.35,2.76
cama,8.08,1.36,3.28,2.93
caminhao,4.96,1.76,4.27,2.25
campeao,8.43,1.21,5.03,3.34
campo,7.61,1.78,3.09,2.79
cancao,8.35,1.53,3.70,3.31
cancer,1.49,1.19,6.98,2.84
canhao,2.38,1.99,5.78,2.62
cansado,2.39,1.88,5.39,3.26
caos,2.05,2.00,6.51,2.79
capaz,7.63,1.88,4.89,2.95
carcaca,3.75,2.23,4.29,2.72
carcere,1.89,1.55,5.95,2.84
caricia,8.78,0.58,4.42,3.51
carie,2.27,1.92,5.71,2.91
carinhoso,8.73,0.80,4.42,3.52
caroco,3.81,1.83,4.49,2.77
carro,7.95,1.78,4.36,3.19
carta,7.02,2.05,4.20,2.37
casa,8.14,1.58,3.35,2.99
casal,7.84,1.91,4.09,3.05
casamento,7.59,2.03,4.57,3.27
cassino,5.21,2.71,4.98,2.71
cavalo,6.89,1.93,3.24,2.68
caveira,2.61,1.77,5.07,2.75
cedula,7.43,2.10,4.76,2.86
cefaleia,2.92,1.89,5.47,2.67
cego,2.35,1.87,4.68,2.65
celula,5.06,2.06,3.02,2.20
cemiterio,2.22,1.90,5.27,3.06
cesta,6.06,1.71,3.33,2.28
cetico,4.89,1.80,3.61,1.96
ceu,8.10,1.21,2.76,2.30
chacina,1.43,1.48,6.86,2.78
chaleira,5.19,1.70,3.02,2.16
chamuscar,4.46,2.10,4.24,2.37
chantagem,1.61,1.44,6.84,2.77
chapeu,6.16,1.85,2.54,1.74
charme,7.63,1.77,5.35,2.75
chateacao,2.30,2.28,6.00,2.70
chave,5.46,1.79,3.36,2.40
chocalho,5.73,1.94,3.12,2.29
chocolate,8.08,1.40,4.88,3.03
chute,4.40,2.40,4.27,2.75
chuva,5.54,2.51,4.47,2.73
cicatriz,3.23,1.99,3.98,2.60
ciclone,2.67,1.99,6.04,2.77
cidade,6.41,2.12,4.71,2.70
cinema,8.25,1.40,4.75,3.30
circo,6.77,2.08,3.10,2.49
circulo,5.29,1.49,3.71,2.31
cirurgia,2.85,2.34,5.81,2.80
ciume,2.86,1.84,6.05,2.45
cobertura,7.33,1.74,3.57,3.08
cobra,2.68,1.86,6.16,2.73
coelhinho,7.31,1.68,2.83,2.50
coelho,6.96,1.70,3.41,2.50
cofre,6.13,1.83,3.63,2.84
cogumelo,5.35,1.64,3.35,2.36
colete,4.63,1.92,3.00,2.33
colisao,2.40,1.75,6.16,2.66
coluna,4.65,2.10,3.92,3.03
comedia,8.39,1.25,4.40,3.29
comer,7.42,2.22,4.58,2.94
complacente,4.71,1.50,3.95,2.26
comprometido,6.33,2.53,4.65,3.08
computador,6.62,1.98,4.66,2.62
concentrado,6.71,2.14,4.10,2.87
confianca,7.97,2.08,4.67,3.31
confiante,7.42,1.99,4.64,3.09
conforto,8.03,1.53,4.17,3.12
confuso,2.54,1.61,5.83,3.00
conhecimento,8.29,1.32,5.08,3.32
conjuge,6.02,2.52,4.23,3.18
consolado,5.36,2.11,3.55,2.44
constrangido,2.96,1.41,5.15,2.73
contentamento,6.72,2.33,4.18,2.84
conteudo,7.04,1.87,3.81,2.60
contexto,5.36,1.56,3.99,2.32
continencia,4.40,1.91,3.81,2.69
controle,5.75,2.28,5.04,2.65
cor,7.65,1.63,3.48,2.94
coracao,7.73,1.93,4.88,3.17
coragem,7.96,1.65,5.19,3.01
corda,4.53,1.72,3.96,2.36
cordeiro,5.56,2.05,2.58,2.29
coroa,5.58,1.94,3.76,2.37
corpo,6.94,2.34,4.67,2.79
corredor,5.30,1.76,4.27,2.54
corrupto,1.63,1.18,6.04,3.11
corte,3.30,1.81,5.09,2.69
cortesia,8.02,1.42,3.60,2.96
cortica,5.00,1.32,3.68,2.31
cortinas,5.88,1.84,2.42,2.04
coruja,5.68,1.86,3.57,2.39
costa,5.54,1.92,3.50,2.58
costume,5.42,1.82,3.87,2.45
cotovelo,4.88,1.72,2.40,2.02
covarde,2.51,1.77,5.45,2.66
cozinheiro,6.79,2.00,3.40,2.80
crepusculo,5.34,2.06,4.28,2.54
crianca,7.92,1.83,4.08,3.04
crime,1.72,1.55,6.45,3.00
criminoso,1.75,1.63,6.27,2.98
crise,2.31,1.73,5.97,2.73
cru,3.58,2.18,3.10,2.69
crucificar,2.36,1.62,5.32,2.97
cruel,1.67,1.39,5.58,3.10
culinaria,7.03,2.23,4.51,3.05
culpado,2.27,1.57,5.19,2.84
cupim,2.99,1.85,4.56,3.03
curar,7.83,1.74,4.42,3.09
curioso,6.77,1.82,5.48,2.57
dadiva,7.73,1.75,3.31,2.81
dancarino,6.70,2.20,4.33,3.09
dano,2.32,1.78,4.72,2.69
debil,3.13,1.83,3.86,2.55
debito,2.47,1.82,5.30,2.84
decepcionar,1.76,1.28,6.09,2.70
decompor,3.94,2.06,2.92,2.24
decorar,6.22,2.78,4.72,2.90
dedo,5.75,1.87,2.56,2.31
defeito,3.15,1.99,5.17,2.54
deficiente,3.13,1.91,4.13,2.92
deformado,2.43,1.78,4.95,2.89
deleite,5.53,2.14,2.82,2.37
delicado,6.30,2.11,3.72,2.57
demonio,2.10,1.67,4.49,3.25
demorado,2.94,2.14,6.00,2.81
dentista,5.18,2.51,4.02,2.65
depressao,1.96,1.55,5.69,3.05
deprimente,1.82,1.29,4.88,3.11
deprimido,2.20,1.58,5.12,2.73
derrotado,1.69,1.33,5.00,3.13
desafiante,4.37,2.93,5.64,2.86
desafio,7.20,1.97,6.00,2.84
desagradado,4.83,2.49,5.68,2.38
desajeitado,3.67,1.95,3.65,2.40
desamparado,2.48,1.65,5.00,2.62
desanimado,1.84,1.30,4.47,3.04
desastre,1.84,1.56,5.97,2.93
desavenca,1.98,1.42,5.44,2.83
desconforto,2.31,1.76,5.60,2.86
desculpa,5.90,2.67,4.37,2.83
desdenhoso,3.01,1.75,4.86,2.52
desejo,7.78,1.72,5.06,2.90
desertor,3.72,1.59,4.58,2.19
desesperador,1.92,1.58,6.12,3.11
desinteressado,3.46,1.90,5.16,2.65
desleal,1.63,1.30,5.90,3.17
desligado,3.31,1.86,5.13,2.64
despejar,4.08,2.04,3.92,2.81
desperdicio,3.45,1.89,4.99,2.50
despreocupado,5.33,2.70,3.35,2.45
desprezar,2.08,1.67,5.91,2.87
desprezo,1.71,1.32,4.96,3.18
destacado,6.82,1.81,4.53,2.57
destrocar,2.53,1.79,4.39,3.00
destruicao,2.13,1.93,5.88,2.81
destruir,2.00,1.68,5.35,3.17
detalhe,6.36,1.80,4.40,2.67
detestar,2.29,1.71,4.39,3.08
deus,8.11,1.54,3.80,3.15
devotado,5.80,2.01,2.82,2.37
diabo,2.67,2.20,4.63,2.86
diamante,7.22,2.09,4.10,2.88
digno,7.69,1.67,4.01,2.75
dinheiro,7.20,2.52,5.39,3.03
diploma,8.33,1.39,6.03,3.05
diversao,8.31,1.76,5.16,3.20
divertido,8.57,1.26,5.12,3.42
divertimento,8.27,1.56,4.88,3.24
divorcio,2.97,2.06,5.29,2.96
doce,7.88,1.75,4.46,3.20
doenca,1.77,1.57,5.81,3.20
doente,1.69,1.19,5.29,2.94
dolar,5.45,2.44,5.09,2.73
dominador,3.96,2.15,4.71,2.80
dor,1.91,1.65,5.97,2.87
doutor,4.84,2.22,3.86,2.68
duro,4.41,2.13,4.60,2.64
edificio,5.76,1.88,2.49,1.80
educacao,8.04,1.75,4.92,3.07
egoista,2.04,1.78,5.33,2.89
elegante,7.38,1.76,4.62,2.68
elevador,5.37,1.98,3.24,2.39
emprego,7.31,2.18,5.97,2.88
encardido,3.08,1.59,4.02,2.53
encharpe,5.59,1.80,3.64,2.34
encontro,7.67,2.10,5.67,2.86
enfermeira,5.33,2.20,4.39,2.47
enferrujado,3.41,1.68,3.25,2.18
enfurecido,2.67,2.09,6.89,2.17
enganacao,1.76,1.56,6.31,2.91
enjoativo,2.63,1.50,4.72,2.45
enlameado,3.57,1.83,3.65,2.54
entediado,2.44,1.92,5.19,2.83
enterro,1.65,1.32,5.31,3.31
entulho,3.61,2.12,3.54,6.56
entusiasmo,8.02,1.83,4.78,3.11
envergonhado,3.29,1.95,5.33,2.42
erotico,7.31,2.03,4.80,3.21
erro,2.43,1.91,6.40,2.57
erudito,5.47,1.97,2.86,2.31
esbanjamento,3.47,2.29,5.25,2.64
escaldante,4.20,1.89,3.86,2.76
escandalo,3.31,2.22,5.51,2.73
esconder,4.08,1.91,4.51,2.78
escorbuto,3.77,1.94,4.03,2.55
escorpiao,3.53,2.11,4.61,2.91
escravo,2.36,2.21,5.82,2.93
escritor,7.02,1.92,2.57,1.81
escritorio,5.70,2.18,4.41,2.39
escuro,4.49,2.26,3.67,2.86
esfera,5.43,1.65,3.53,2.43
esfomeado,3.61,2.66,5.22,2.89
esmagado,2.54,1.85,5.46,2.69
esnobe,1.96,1.41,5.22,3.03
espaco,6.88,2.13,4.39,2.79
espantado,4.47,1.93,4.80,2.87
esperanca,8.29,1.37,5.04,3.11
esperancoso,7.55,1.87,4.08,2.76
espingarda,2.82,2.28,5.66,2.85
espinho,2.98,1.70,4.45,2.89
espirito,6.87,2.04,4.27,2.70
esposa,5.80,2.34,3.71,2.72
espuma,6.77,1.95,3.71,2.75
esquina,4.67,1.45,3.27,2.48
estagnado,3.54,1.97,4.86,2.31
estatua,4.88,2.06,2.53,2.22
esterco,3.26,1.93,3.76,2.60
estomago,5.14,2.15,3.71,2.45
estrangeiro,6.00,1.91,4.22,2.48
estranho,4.58,1.73,5.16,1.93
estrela,7.75,2.01,3.57,3.07
estresse,2.22,1.77,6.51,2.77
estupendo,3.88,3.47,6.67,3.03
estupido,2.21,1.98,6.18,2.71
estupro,4.94,3.29,5.10,2.90
evento,7.03,2.40,4.51,2.93
exame,4.22,2.13,3.93,11.52
excelencia,6.24,2.13,4.35,2.41
excitacao,7.73,1.75,6.26,3.01
excursao,7.82,2.04,4.85,3.15
execucao,3.92,2.92,4.79,2.75
exercicio,6.68,2.36,4.70,2.82
exercito,4.67,2.30,4.76,2.58
extase,7.34,1.92,5.44,2.77
exultante,5.97,2.10,4.29,2.71
faca,3.90,1.96,5.21,2.45
facil,7.31,2.16,3.49,2.91
faixa,4.67,1.14,4.24,1.64
falcao,5.82,2.04,3.97,2.52
falha,2.03,1.46,6.93,2.18
falido,2.00,1.73,5.40,3.06
falso,5.45,3.59,5.03,3.27
fama,6.73,2.04,5.38,2.76
familia,7.07,2.22,4.09,3.05
faminto,2.94,2.54,5.70,2.89
famoso,5.76,2.08,4.24,2.23
fantasia,7.06,2.08,5.18,2.90
farol,6.75,1.99,5.00,2.70
farolete,5.20,1.81,3.40,2.26
fascinar,5.37,2.65,4.39,2.51
fase,5.44,2.24,4.33,2.65
fatigado,5.10,2.97,4.72,3.06
favela,1.64,1.25,5.63,2.96
favor,7.62,1.78,3.75,2.71
favorito,7.27,2.07,5.12,2.84
fazenda,4.32,3.12,4.43,3.08
febre,2.20,1.65,4.90,2.91
fedor,5.58,3.61,5.43,3.43
feito,3.17,2.25,4.15,2.64
feliz,8.69,1.00,4.13,3.44
feno,4.65,1.62,3.24,2.29
feriado,4.99,3.49,4.55,3.23
ferias,8.62,1.50,5.87,3.60
feridas,4.29,2.52,4.65,2.51
ferimento,2.54,1.84,5.08,2.59
ferramenta,7.07,2.11,4.78,2.79
ferro,4.91,1.72,3.84,2.06
festa,8.22,1.63,4.49,3.31
festivo,8.09,1.76,5.54,3.31
filhote,6.88,2.03,3.96,2.38
firmamento,6.66,2.19,4.00,2.93
firme,6.97,2.04,3.94,2.46
flacido,2.43,1.97,4.77,2.90
flexivel,7.25,2.29,4.06,2.74
flor,8.11,1.67,3.17,2.95
florescer,6.38,2.49,3.31,2.49
fofoca,2.44,2.29,5.65,3.11
fogao,4.71,2.75,4.76,3.02
fogo,4.55,2.68,5.35,2.68
forca,4.62,2.46,4.76,2.77
forte,7.66,1.66,4.66,3.01
fortuito,6.61,2.07,3.91,2.60
fotografia,7.71,1.96,4.61,3.15
fragrancia,5.98,2.51,3.80,2.45
fraude,1.60,1.47,6.00,2.82
freira,4.89,2.49,3.91,2.62
frigida,2.43,2.07,4.79,2.78
frio,4.45,2.71,4.85,2.70
frustrado,1.84,1.57,5.84,2.84
fuga,3.63,2.39,5.26,2.82
funeral,1.52,1.39,4.89,3.34
fungo,3.84,1.99,4.65,2.56
furacao,2.72,2.35,6.08,2.84
gabinete,5.35,1.87,3.88,2.38
gangrena,2.64,2.05,4.81,2.81
garfo,6.12,2.03,3.83,2.47
garotos,6.94,2.28,4.77,2.97
garrafa,6.49,2.35,4.19,2.77
gatinho,7.06,2.72,3.95,3.13
gato,5.75,2.76,4.04,2.72
gato,3.47,2.60,5.24,2.76
geladeira,6.86,1.72,3.33,2.61
geleia,5.84,1.96,3.70,2.22
geleira,4.33,2.37,3.59,2.31
genero,4.33,2.09,4.56,2.10
gentil,8.23,1.53,3.38,2.95
germes,4.69,2.93,5.46,2.77
ginasta,6.40,1.93,4.12,2.70
glamour,5.26,2.04,4.13,2.28
gloria,8.16,1.58,4.72,3.45
golfista,4.00,2.09,4.66,2.54
golpe,2.20,2.03,5.32,2.95
gordo,4.78,3.02,4.82,2.92
gosto,7.57,1.67,4.31,2.74
gracinha,7.15,2.02,3.73,2.82
graduado,8.17,1.69,5.30,3.37
grama,5.75,1.95,3.21,2.12
gramado,7.75,1.85,3.90,3.18
grampos,6.54,2.37,3.42,2.49
granada,2.00,2.05,6.03,3.16
grito,4.42,2.44,6.19,2.31
grosso,2.71,1.98,5.88,2.63
guerra,1.61,1.62,6.79,2.97
guilhotina,5.56,3.09,4.27,2.92
gula,3.88,2.54,4.94,2.67
habilidade,6.91,1.91,4.27,2.36
habitante,5.55,1.74,3.34,2.06
habito,4.13,2.48,4.95,2.39
hemodialise,3.78,2.42,4.90,2.94
heroina,5.35,3.23,4.89,3.18
hidrante,6.45,2.08,3.75,2.47
hidrofobia,3.48,2.16,3.67,2.74
historia,3.54,3.08,5.48,3.23
homem,6.85,2.78,4.47,3.16
homicida,5.13,3.44,5.54,3.09
honesto,8.60,1.20,3.32,5.38
honra,4.75,3.43,5.09,3.04
horrivel,1.98,1.78,5.55,2.84
horror,2.54,2.11,5.83,2.90
hospital,2.75,2.55,5.39,3.18
hostil,5.60,2.97,4.58,2.72
hotel,7.11,2.02,3.79,2.84
humanitario,4.58,3.69,5.31,3.34
humburguer,6.91,2.47,4.19,2.80
humilde,7.66,1.88,3.60,2.69
humilhar,4.36,3.34,5.80,3.11
humor,7.97,2.15,5.26,3.50
iate,6.73,1.98,3.97,2.37
ideia,8.14,1.60,5.31,3.32
identidade,7.35,1.92,4.50,2.90
idiota,2.28,2.00,5.28,2.90
idolo,5.99,2.52,3.73,2.36
ignorancia,2.11,1.83,5.57,2.99
igreja,4.22,2.75,4.70,2.72
imaginar,8.02,1.69,5.06,3.25
imaturo,2.85,1.88,5.70,2.66
imoral,2.03,1.56,5.00,3.00
implicar,4.69,2.80,5.47,2.63
impotente,2.08,1.54,5.34,3.00
impressionado,6.97,2.42,4.09,2.82
imundicie,1.86,1.74,5.18,2.88
incentivo,4.76,3.25,5.40,2.67
incomodado,2.45,1.90,5.66,2.64
incomodar,2.97,2.22,5.86,2.79
incumbencia,5.02,2.10,4.29,2.30
indiferente,4.37,2.37,4.59,2.24
industria,5.63,2.55,4.50,2.50
infante,2.99,2.11,5.24,2.84
infeccao,1.77,1.54,5.61,2.96
infeliz,1.54,1.37,6.20,3.01
inferior,2.49,1.86,4.50,2.73
inferno,3.81,2.85,4.88,3.13
infiel,2.08,1.97,6.34,3.15
inocente,3.74,2.53,5.45,2.68
insano,3.11,1.96,4.61,2.52
inseguro,2.26,1.48,6.02,2.55
inseto,3.54,2.42,5.44,2.68
insolente,5.67,3.03,4.90,3.00
insosso,3.55,1.92,4.21,2.60
inspirado,4.72,3.51,5.48,3.24
inspirar,7.31,2.15,4.03,3.10
insulto,5.28,3.52,4.72,3.32
intelecto,6.80,2.37,4.33,2.49
inteligente,7.81,2.28,4.75,3.26
intercurso,5.02,1.36,2.33,6.42
interesse,4.74,3.21,5.68,2.90
intimo,7.27,1.88,4.80,2.84
intrometer,2.40,1.81,5.73,2.67
intrometido,2.52,2.00,5.94,2.56
intruso,2.29,1.65,5.99,2.56
inundacao,1.88,1.68,6.02,2.80
inutil,4.81,2.97,5.63,2.82
invasor,2.20,2.14,6.61,2.70
investir,4.35,3.14,6.16,2.69
irmao,7.78,2.15,5.11,3.00
irritar,4.45,3.02,4.99,3.15
item,5.08,1.33,3.13,2.06
janela,7.29,2.13,3.32,2.71
janta,7.47,2.02,4.61,2.94
jardim,5.85,2.80,4.52,3.03
jarra,5.72,1.95,3.66,2.57
jiboia,4.96,2.58,4.39,2.86
jogo,6.34,2.35,4.89,2.66
joia,7.76,1.82,4.19,2.94
justica,6.52,2.95,5.61,2.73
juventude,4.51,3.55,5.70,3.20
ketchup,5.31,2.54,3.92,2.54
ladrao,2.90,2.19,5.40,3.08
lago,7.38,2.20,3.82,2.99
lama,2.58,2.17,5.36,2.99
lampada,6.51,2.41,3.82,2.65
lanterna,5.95,1.56,3.06,2.21
lapis,6.24,1.62,3.42,2.12
lar,8.23,1.73,3.43,2.88
larva,3.07,1.89,4.27,2.75
leal,8.27,1.47,3.21,2.70
leao,5.89,2.16,5.51,2.54
leite,6.68,2.10,3.01,2.35
lenda,6.36,1.69,3.69,2.36
lento,3.77,2.07,4.66,2.98
lepra,1.87,1.46,4.83,2.99
lesbica,4.01,1.90,3.65,2.72
letargico,3.93,1.77,3.31,2.31
letra,6.50,2.00,3.40,2.57
liberdade,8.80,0.57,5.27,3.73
lider,6.92,1.96,4.27,2.89
liga,5.88,1.47,3.59,2.14
lindo,8.17,1.43,3.90,3.31
livrar,6.26,2.16,4.31,2.38
livre,8.37,1.48,3.95,3.29
livro,7.18,1.97,4.14,2.75
lixo,2.48,2.14,5.14,3.00
lodo,2.91,2.17,4.41,2.64
loiro,5.97,1.95,3.37,2.48
loteria,7.03,2.15,5.11,2.98
louco,3.87,2.33,4.90,2.79
lucro,7.64,1.86,5.48,3.07
lustre,5.65,1.80,2.58,1.92
luta,5.66,2.81,5.51,2.53
luto,1.70,1.39,5.32,3.15
luxo,6.82,1.90,4.65,2.72
luxuria,4.15,2.48,4.71,2.92
luz,7.96,1.64,4.25,3.02
machucado,2.38,1.75,5.65,2.90
macio,7.74,1.79,4.08,3.09
mae,8.75,1.14,3.31,3.20
magico,7.38,1.83,4.54,2.91
magoar,1.88,1.55,5.94,3.20
mal,1.58,1.20,6.10,3.04
malaria,2.12,1.60,5.00,3.16
malcheiroso,1.80,1.34,4.89,3.04
malicia,4.47,2.59,4.43,2.89
maluco,4.31,2.66,5.46,2.57
malvado,2.09,1.78,5.77,2.91
mamilo,5.51,1.37,4.18,2.58
maneira,5.85,1.74,3.62,2.26
maniaco,1.95,1.74,6.24,3.03
manso,6.73,2.02,2.96,2.25
manteiga,5.68,2.11,3.25,2.30
mao,6.88,2.07,2.95,2.42
maquina,5.61,1.77,3.96,2.50
maravilha,6.80,2.37,3.72,2.83
mareado,4.78,1.48,3.35,2.22
maricas,4.23,1.87,3.26,2.26
martelo,5.04,1.55,3.30,2.24
massa,7.13,2.18,2.99,2.46
massacre,1.31,0.92,5.94,3.26
mastigar,6.62,2.01,3.35,2.50
masturbar,5.60,2.28,5.21,2.87
matador,1.49,1.11,6.69,3.21
material,6.07,1.85,3.37,2.06
medo,2.13,1.77,6.36,3.05
mel,7.28,2.15,3.48,2.70
melhorar,8.21,1.55,4.58,3.02
melodia,7.73,1.66,4.51,3.22
memoria,6.36,2.33,4.43,2.75
memorias,6.96,2.43,5.14,2.98
menina,7.10,1.77,3.26,2.54
menino,7.36,1.81,4.77,2.75
menosprezado,2.03,1.89,6.05,3.15
mensageiro,6.05,1.58,3.97,2.21
mente,7.03,2.01,3.91,2.85
mentira,1.35,0.97,6.28,3.07
mercado,6.59,2.20,4.12,2.70
meretriz,3.82,1.91,3.52,2.41
mergulhador,5.71,2.04,3.79,2.75
mes,6.11,1.90,3.90,2.51
mesa,6.18,1.50,2.75,2.00
metal,5.15,1.32,3.17,2.04
metodo,6.06,2.13,3.83,2.59
milagre,7.95,1.71,4.99,3.26
milionario,6.55,2.23,4.19,2.83
miseria,1.21,1.07,5.89,3.22
mistico,6.60,2.33,3.44,2.63
mobilidade,6.17,1.75,4.06,2.59
modesto,6.79,1.92,3.08,2.23
moeda,6.76,2.07,4.10,2.79
mofo,2.48,1.98,4.64,2.89
moinho,5.45,1.16,3.44,2.18
molde,5.21,1.79,3.48,2.32
momento,7.09,1.90,4.57,2.84
montanha,7.13,2.03,3.72,2.78
moral,6.72,2.07,3.45,2.43
morbido,2.07,1.69,5.24,2.99
morte,1.40,1.04,6.18,3.14
morto,2.01,1.82,5.11,3.22
mosquito,2.09,1.71,5.60,3.10
motim,3.77,2.25,4.40,2.88
motor,5.09,1.82,3.96,2.35
muco,5.43,2.35,3.35,1.98
muleta,2.81,1.94,4.75,2.77
mulher,6.57,1.90,3.89,2.60
mundo,6.17,2.65,5.01,2.92
muscular,6.99,2.55,4.54,3.27
museu,6.01,2.01,3.00,2.13
musica,5.18,3.70,5.73,3.31
mutacao,4.53,2.26,4.40,2.75
mutilar,4.66,3.57,5.46,3.33
nadador,6.38,2.16,3.49,2.82
namorada,7.59,2.09,4.89,3.28
narcotico,2.77,2.02,4.94,2.94
nascimento,8.31,1.23,4.29,3.30
natal,8.06,1.98,3.69,3.11
natural,4.97,3.36,4.76,3.16
natureza,8.58,1.09,3.25,3.03
nausea,3.95,2.72,4.78,2.77
navalha,2.64,1.81,5.00,3.24
navio,6.55,2.16,3.68,2.72
necroterio,2.10,2.07,5.75,3.15
nectar,4.66,3.08,5.41,3.25
negligencia,2.40,1.80,5.78,2.85
nervoso,4.21,3.04,5.33,3.05
neurotico,2.49,1.65,6.10,2.98
neve,6.93,2.27,5.19,2.91
no,3.90,1.79,4.76,2.77
noiva,6.84,1.90,5.31,2.78
nome,7.50,1.98,3.53,2.79
noticia,6.49,1.77,4.93,2.62
novo,7.96,1.31,4.94,2.94
nu,7.14,1.65,4.49,2.88
nublado,3.91,2.06,3.73,2.53
nutrir,6.42,2.36,4.90,2.72
nuvem,6.67,2.07,2.70,2.16
obedecer,4.55,2.46,4.20,2.62
obesidade,2.14,1.99,5.55,3.30
obsceno,3.89,1.98,4.09,2.77
obsessao,3.00,2.07,5.19,2.86
obstruir,2.64,1.78,5.29,3.00
oceano,7.77,1.81,3.58,2.93
odio,2.86,2.16,4.76,3.05
ofender,1.78,1.48,6.23,3.14
ofuscar,4.51,2.04,4.14,2.47
onibus,4.18,2.39,4.58,2.91
onipotente,5.80,2.63,4.76,2.81
opcao,6.27,1.85,5.18,2.86
opiniao,6.78,2.09,5.21,2.60
orgasmo,7.92,1.65,4.37,3.39
orgulho,6.38,2.45,4.55,2.88
orgulhoso,5.63,2.94,4.85,2.90
orquestra,7.13,1.92,4.77,2.88
otimismo,8.41,1.26,4.13,3.01
ouro,6.99,2.15,4.25,2.91
ousado,6.57,1.93,4.38,2.59
outono,5.95,2.33,4.35,2.65
ovo,6.12,1.80,2.78,2.19
paciente,5.96,2.64,4.06,2.77
padre,5.29,2.21,2.70,2.33
pai,8.08,2.28,5.55,3.29
pais,5.80,2.56,4.53,2.76
paixao,6.34,2.71,5.27,3.30
palacio,6.28,2.05,3.60,2.45
panfleto,6.28,2.30,3.45,2.62
panico,2.14,1.85,6.70,3.06
panqueca,6.88,1.97,4.03,2.75
pantano,4.15,2.03,4.33,2.70
papel,7.29,2.08,3.85,2.93
paquerar,7.99,1.51,4.45,3.06
paraiso,7.07,2.10,4.79,3.23
paralisia,1.86,1.69,5.77,3.24
parte,6.43,2.17,3.32,2.44
passagem,5.00,2.52,4.01,2.77
passaro,7.11,2.06,4.06,2.76
patente,4.77,1.91,3.23,2.41
patriota,6.21,1.97,3.70,2.70
paz,8.64,1.14,3.71,3.50
pazinha,4.41,1.73,3.76,2.47
pe,5.99,2.40,2.91,2.48
pecado,3.29,2.14,4.23,2.82
pecaminoso,3.43,2.09,4.72,2.74
peconha,4.67,2.28,4.33,2.56
pedinte,3.23,2.11,4.85,2.58
peito,6.22,1.75,4.91,2.61
peixe,6.45,2.32,3.14,2.33
pelado,4.72,2.35,4.73,2.69
pelo,4.29,1.80,3.65,2.30
penalidade,5.43,2.61,4.86,2.87
penhasco,3.43,2.22,5.21,3.08
penis,6.85,1.78,5.03,2.89
penitente,4.06,1.88,4.01,2.55
pensamento,4.88,3.09,5.00,2.82
pensativo,5.99,2.23,4.36,2.75
perdedor,4.22,3.02,5.54,2.97
perdido,2.93,1.67,5.17,2.55
perfeicao,6.85,2.30,4.87,2.84
perfume,8.20,1.24,4.33,3.31
perigo,2.56,2.06,6.74,2.47
perseguir,3.46,2.26,5.50,2.63
perturbado,2.49,1.57,6.01,2.71
perturbar,2.32,1.58,5.35,2.96
pervertido,3.35,2.32,5.09,2.72
pesadelo,2.11,1.88,5.92,3.11
pesar,3.41,2.40,4.78,2.60
pessoa,7.85,1.61,4.46,2.98
peste,2.17,1.67,5.43,2.84
piada,8.14,1.30,4.45,3.07
picada,2.58,1.53,5.12,2.53
piedade,5.82,2.21,4.08,2.53
pintar,7.26,1.88,3.68,2.80
piolho,2.08,1.52,5.08,3.17
piscar,6.38,1.86,3.26,2.38
pistola,2.18,1.82,5.83,3.03
pizza,8.35,1.18,4.16,3.30
planicie,6.24,1.95,3.17,2.43
plano,7.11,1.91,4.96,2.75
planta,7.83,1.53,3.22,2.74
pobreza,1.41,1.18,5.83,2.79
poder,5.53,2.58,5.39,2.63
poderoso,6.09,2.17,4.88,2.64
podre,1.81,1.58,5.10,3.05
poente,6.75,2.08,3.23,2.37
poesia,7.66,1.74,3.13,2.76
poluir,1.51,1.14,6.05,2.91
pomba,6.04,2.37,2.97,2.25
porao,3.86,1.91,4.22,2.60
porco,4.29,1.94,3.60,2.45
porta,5.92,1.95,3.97,2.49
poster,6.05,2.12,3.51,2.34
povo,6.22,2.27,4.87,2.46
pradaria,5.77,1.98,3.51,2.43
praia,8.29,1.43,4.64,3.58
pranto,2.52,2.01,5.49,2.71
prazer,8.65,1.05,5.29,3.63
preguicoso,3.66,2.31,4.14,2.65
prejudicado,2.13,1.52,5.59,2.73
prejudicar,1.68,1.22,6.04,2.95
presente,8.33,1.31,4.81,3.22
pressao,3.16,2.09,5.90,2.83
prestigio,7.75,2.01,4.30,3.03
preto,5.26,2.19,3.85,2.35
primavera,8.33,1.18,3.76,3.30
primo,6.63,2.29,3.62,2.51
prisao,1.68,1.39,5.79,3.00
privacao,2.86,2.16,5.53,2.66
privacidade,7.99,1.54,3.73,2.97
problema,2.17,1.74,6.14,2.75
processo,4.31,2.27,4.97,2.54
proeminente,5.43,1.58,4.10,2.21
professor,6.74,1.95,4.54,2.51
progresso,7.90,1.89,4.76,3.09
promocao,7.89,1.88,4.90,3.07
prospero,7.78,1.92,4.44,3.11
prostituta,2.58,2.03,4.55,2.98
protegido,7.26,2.21,3.45,2.70
prova,4.21,2.43,6.85,2.33
pulga,2.68,2.01,4.30,3.11
pulverizador,4.72,1.82,3.88,2.30
punicao,2.89,2.17,5.44,2.88
pus,2.74,1.85,4.77,2.73
putrido,3.25,2.07,4.16,2.59
quadrado,5.18,1.95,2.95,1.97
quadro,5.87,1.85,3.80,2.22
qualidade,8.29,1.43,4.61,3.20
quebrado,2.57,1.78,5.23,2.64
queda,2.60,2.00,5.84,2.59
queimadura,1.94,1.58,5.54,3.05
queixo,5.79,1.56,2.97,2.02
querido,8.36,1.20,4.01,3.16
querosene,4.04,1.87,3.78,2.53
quieto,5.23,2.02,3.21,2.15
quimioterapia,1.97,1.91,5.61,3.18
ra,4.01,2.05,4.11,2.87
radiador,4.75,1.95,3.63,2.31
radiante,8.08,1.61,4.70,3.28
radio,7.84,1.70,4.12,3.13
rainha,6.27,1.95,3.99,2.52
raiva,1.97,1.72,7.13,2.49
rale,2.94,1.81,3.96,2.36
rancoso,2.49,1.82,5.16,2.57
rapido,6.32,2.23,5.37,2.64
rato,3.19,2.09,5.18,2.87
razao,6.49,2.25,4.56,2.40
realizacao,8.51,1.07,5.23,3.47
receoso,3.89,1.86,4.51,2.37
recompensa,7.59,2.16,4.96,3.05
recreio,7.65,1.86,4.10,2.96
refem,1.84,1.55,6.55,2.61
refresco,7.86,1.64,3.38,2.91
rei,5.73,2.22,3.71,2.46
rejeitado,1.61,1.24,5.85,2.73
relampago,3.77,2.31,5.85,2.72
relaxado,6.36,3.18,3.76,3.01
relogio,5.73,2.17,4.42,2.35
remedio,3.93,2.58,4.24,2.54
reptil,4.47,2.18,4.34,2.59
repugnado,2.67,1.80,4.56,2.31
repulsivo,3.10,2.15,5.15,2.35
reservado,5.75,1.78,3.76,2.26
respeito,8.43,1.06,3.90,3.12
respeitoso,7.52,1.71,3.41,2.63
resposta,6.96,1.81,4.47,2.73
ressentido,2.83,1.87,4.80,2.24
restaurante,7.70,1.56,3.96,2.77
reuniao,5.06,2.26,4.88,2.76
reverente,5.41,1.86,3.75,2.08
revista,6.90,1.80,3.51,2.54
revolta,2.44,2.09,6.47,2.52
revolver,1.94,1.78,6.24,3.05
rico,6.49,1.89,4.21,2.71
ridiculo,2.61,1.90,4.87,2.70
rifle,2.36,2.11,5.68,2.91
rigido,4.56,1.89,4.77,2.14
rio,6.94,2.09,3.92,2.67
riquezas,6.75,2.06,4.24,2.59
risada,8.59,0.92,4.63,3.54
rocha,5.49,1.85,3.52,2.11
rodovia,5.46,1.95,4.65,2.34
romantico,8.34,1.35,4.16,3.33
rosto,7.53,1.71,3.95,2.80
roupa,7.41,2.00,4.57,3.20
rua,6.19,1.56,4.42,2.38
rude,2.96,1.82,5.20,2.34
ruidoso,3.97,1.92,4.80,2.37
sabio,7.92,1.38,3.96,2.83
saboroso,8.24,1.42,4.05,3.17
safira,6.00,1.93,3.40,2.37
salada,6.88,2.26,3.67,2.86
salvador,7.67,1.77,3.57,2.61
salvar,8.10,1.36,4.56,3.16
sangrento,2.29,1.96,5.42,3.01
santo,6.65,2.01,3.44,2.59
sarampo,2.49,1.61,4.46,2.74
satisfeito,8.09,1.58,3.99,3.04
saudar,8.00,1.32,3.64,2.84
saude,8.39,1.25,4.10,3.16
secador,5.61,1.92,3.96,2.46
seda,6.38,1.94,2.79,2.34
seguro,7.06,2.46,3.70,2.69
sentimento,7.41,2.02,4.85,2.85
serio,5.39,2.16,4.01,2.17
severo,3.29,2.19,5.12,2.54
sexo,7.93,1.86,5.28,3.40
sexy,7.66,1.70,5.26,2.99
sifilis,1.93,1.74,5.37,3.22
sobrecarregado,2.58,1.95,6.49,2.54
sobressalto,4.76,2.28,4.84,2.50
social,6.74,2.03,4.09,2.50
sociedade,5.53,2.46,5.25,2.29
sofrimento,1.68,1.65,6.14,2.90
sol,8.28,1.68,4.27,3.38
solene,5.29,1.99,4.00,2.08
solidao,1.58,1.28,5.37,2.82
solitario,2.47,2.09,5.28,2.95
sombra,6.19,2.15,3.49,2.38
sombrinha,5.09,2.09,3.78,2.32
sonho,7.59,1.93,4.36,3.03
sono,6.10,2.63,3.22,2.74
sordido,2.90,2.10,4.55,2.57
sorriso,8.50,1.33,4.15,3.49
sortudo,7.46,2.01,4.51,2.96
sozinho,2.47,2.04,4.96,3.03
suave,7.79,1.59,3.23,2.84
subjugado,2.95,1.99,5.36,2.69
sucesso,8.25,1.51,5.31,3.18
sufocar,2.05,1.85,6.61,2.59
suicidio,1.35,1.44,5.13,3.38
sujeira,1.90,1.83,5.86,2.82
sujo,2.43,1.99,5.49,2.75
surpreso,6.60,2.15,5.36,2.49
surra,1.94,1.95,5.55,3.12
suspeito,3.14,2.08,5.64,2.49
tabaco,2.04,1.86,5.35,3.18
talento,8.31,1.20,5.04,3.29
tanque,4.64,2.27,3.74,2.31
tapa,2.22,1.91,6.19,2.59
taxi,5.10,2.08,3.71,2.39
tecido,5.97,1.91,3.37,1.88
tedio,2.69,2.01,5.32,2.60
televisao,6.69,2.21,4.21,2.76
temido,4.23,2.02,4.72,2.23
temivel,2.95,2.13,5.72,2.44
temperamental,4.37,1.89,4.94,2.16
tempestade,3.49,2.44,5.53,2.84
tempo,5.66,2.20,5.25,2.43
tenis,6.49,1.86,2.83,2.13
tenso,2.52,1.61,6.63,2.30
teoria,5.65,1.93,3.45,2.28
termometro,4.49,1.72,3.33,2.04
terra,7.76,1.93,4.09,2.92
terrivel,2.12,1.68,6.41,2.48
terrorista,1.45,1.15,6.35,2.88
tesoura,4.62,1.72,3.25,2.34
tesouro,7.60,1.92,4.61,3.16
timido,4.12,2.30,4.78,2.66
tinta,6.18,1.68,2.78,2.36
tio,6.90,2.21,2.82,2.37
toboga,4.88,3.03,5.59,2.93
tolo,2.71,1.62,4.38,2.61
tornado,2.41,1.73,5.89,2.80
tornozelo,5.49,1.75,2.84,2.35
torre,5.51,1.96,3.82,2.56
torta,7.71,1.76,3.92,2.98
tortura,1.32,0.90,7.35,2.37
toxico,1.80,1.68,5.53,2.85
tragedia,1.38,0.98,7.09,2.36
traidor,1.29,1.09,7.16,2.69
trair,1.40,1.12,7.24,2.59
tranquilamente,7.89,1.88,2.49,2.66
tranquilo,8.07,1.75,2.22,2.26
tratar,6.55,2.06,3.31,2.31
trauma,1.86,1.40,6.43,2.61
travesseiro,8.19,1.56,2.58,2.80
travessura,6.56,1.87,4.84,2.52
trevas,1.74,1.46,5.46,2.99
triste,1.73,1.29,5.28,2.80
triunfante,8.14,1.42,4.99,3.24
triunfo,7.93,1.52,4.63,3.01
trofeu,8.04,1.65,4.71,3.40
trompete,5.84,2.04,3.54,2.49
tronco,5.44,1.77,2.93,2.16
tubarao,3.40,2.19,6.21,2.64
tumor,1.44,1.23,6.29,3.10
tumulo,2.06,1.84,5.39,2.87
ulcera,1.54,1.04,6.00,3.06
ultraje,3.71,1.78,4.22,2.39
unidade,5.76,2.26,2.94,2.48
untensilio,6.63,1.60,3.01,2.32
urina,5.38,2.21,3.14,2.61
util,8.02,1.41,3.71,2.89
vaca,6.29,2.12,2.61,2.17
vagao,4.97,1.72,3.81,2.55
vagina,6.80,2.02,4.06,3.08
vaidade,6.18,2.13,4.55,2.42
vampiro,3.55,2.06,4.38,2.92
vandalo,1.76,1.32,6.28,2.89
vantagem,5.71,4.08,4.45,2.62
vara,3.24,1.27,3.66,2.50
variola,1.95,1.36,4.95,3.05
veiculo,7.41,1.73,4.45,2.61
veleiro,6.57,1.99,3.39,2.81
veloz,6.23,2.06,5.18,2.66
vencer,8.55,1.35,5.46,3.40
veneno,1.54,1.01,6.77,2.59
ventilador,6.73,1.98,2.76,2.32
verdade,8.56,1.30,3.46,3.08
verde,7.39,2.00,3.26,2.90
vermelho,5.84,2.63,4.94,2.85
vespa,3.63,2.18,4.50,3.08
vestibular,4.93,2.94,6.65,2.44
vestido,6.69,2.05,3.63,2.68
vestuario,6.80,1.84,3.91,2.70
viagem,8.55,1.22,5.26,3.39
vibracao,6.96,1.95,5.76,2.86
viciado,1.46,1.23,5.73,2.99
vicio,2.16,1.72,5.82,2.93
vida,8.63,1.01,5.45,3.53
vidro,4.96,1.37,3.49,2.13
vigiar,4.13,2.07,4.91,2.83
vigoroso,6.85,1.83,4.03,2.36
vila,4.94,2.20,3.89,2.50
vinho,7.19,2.00,4.09,2.94
violento,1.46,1.10,6.49,2.95
violino,6.42,2.34,3.14,2.82
virgem,5.84,1.99,3.09,2.52
virtude,8.02,1.63,3.65,2.85
visao,7.33,2.32,3.89,2.87
vitima,2.26,1.60,6.08,2.69
vitoria,8.74,0.67,5.36,3.45
vivido,7.02,1.91,3.92,2.70
vivo,8.34,1.50,4.70,3.21
vomito,2.31,1.50,4.47,2.48
vulcao,3.74,2.45,5.50,2.72
